c(2   c(3   c(3   c(6   c(4   c(2   c(0
,19   ,23   ,18   ,22   ,23   ,29   ,25
,24   ,18   ,15   ,19   ,18   ,22   ,17
,22   ,18   ,27   ,26   ,19   ,21   ,25
,25   ,25   ,26   ,31   ,24   ,36   ,37
,22   ,20   ,29   ,26   ,23   ,22   ,29
, 0   , 4   , 2   , 2   , 3   , 4   , 2
,12   , 3   ,15   , 7   , 1   ,15   ,11
,19   ,22   ,22   ,19   ,25   ,24   ,23
,23   ,12   ,19   ,25   ,18   ,22   ,22
,29   ,27   ,23   ,25   ,29   ,30   ,17
,13   ,13   ,20   ,17   ,12   ,22   ,20
, 7   ,17   , 9   , 5   ,11   , 9   , 9
,26   ,27   ,28   ,36   ,29   ,31   ,30
, 7   , 6   , 4   ,11   , 5   , 5   ,15
,32   ,35   ,31   ,35   ,24   ,25   ,36
, 7   ,17   , 9   ,12   ,13   , 6   ,12
, 9   , 6   , 3   ,12   , 3   , 8   , 6
, 0   , 1   ,11   , 6   , 0   , 4   ,11
, 9   ,12   , 6   ,13   ,12   ,13   ,11
, 6   ,15   ,15   ,10   , 9   , 7   ,18
,17   ,17   ,12   , 4   ,14   ,17   , 7
, 1   ,12   , 8   , 2   , 4   , 4   ,11
, 5   , 8   , 0   , 1   , 6   , 3   , 1
, 2   , 7   , 5   , 3   , 1   , 5   , 5
,29   ,25   ,32   ,28   ,28   ,27   ,27
,17   ,15   ,17   ,23   ,23   ,17   ,22
,26   ,32   ,33   ,30   ,33   ,28   ,26
,27   ,29   ,24   ,29   ,26   ,31   ,28
, 4   , 1   , 1   , 2   , 1   , 7   , 4
,22   ,22   ,17   ,20   ,14   ,19   ,13
, 9   ,11   , 7   ,10   , 8   ,15   , 5
, 6   , 5   ,12   , 5   ,17   ,17   , 4
,18   ,17   ,12   ,22   ,22   ,13   ,12
, 2   ,12   ,13   , 7   ,10   , 6   , 2
,32   ,26   ,20   ,23   ,24   ,25   ,21
, 5   ,13   ,12   ,11   , 6   , 5   ,10
, 6   ,10   ,11   , 6   , 6   , 2   , 5
,30   ,37   ,32   ,35   ,37   ,41   ,42
,34   ,33   ,32   ,35   ,33   ,27   ,35
,15   ,19   ,21   ,18   ,22   ,26   ,22
,28   ,29   ,30   ,19   ,21   ,19   ,26
, 6   , 8   , 6   , 7   ,17   ,11   ,14
,17   ,22   ,27   ,24   ,18   ,28   ,24
, 6   ,10   ,17   ,18   ,13   ,10   , 7
,18   ,19   ,22   ,17   ,21   ,15   ,23
,21   ,27   ,28   ,28   ,26   ,17   ,25
,10   ,18   ,20   ,18   ,12   ,19   ,17
, 6   ,15   ,15   ,15   ,10   ,14   , 2
,30)  ,28)  ,29)  ,31)  ,24)  ,20)  ,25)
